 L = [1 0 0; 1 1 0; 3 -2 1];
 U = [-4 -1 -4; 0 -3 -2; 0 0 3];
 A = L * U;
 b = [6; -4; 44];
 y = L\b
 x = A\b